41
3 50 300 0 50 50 NONE
3 150 275 90 50 50 NONE
3 225 300 180 50 50 NONE
3 250 325 270 50 50 NONE
4 50 375 0 100 50 a s
4 150 350 90 100 50 d f
4 250 375 180 100 50 j k
4 300 400 270 100 50 l ;
5 225 525 0 175 100 NONE
5 275 600 90 175 100 NONE
5 325 525 540 175 100 NONE
5 550 425 990 175 100 NONE
6 825 600 90 175 100 NONE
6 775 525 0 175 100 NONE
6 875 525 180 175 100 NONE
6 1100 425 270 175 100 NONE
7 225 700 0 175 100 NONE
7 275 775 90 175 100 NONE
7 325 700 540 175 100 NONE
7 550 600 270 175 100 NONE
8 775 700 0 175 100 NONE
8 825 775 90 175 100 NONE
8 875 700 180 175 100 NONE
8 1100 600 270 175 100 NONE
9 775 875 0 150 100 NONE
9 825 950 90 150 100 NONE
9 875 875 180 150 100 NONE
9 1100 800 270 150 100 NONE
10 225 875 0 175 100 NONE
10 275 950 90 175 100 NONE
10 325 875 180 175 100 NONE
10 550 775 270 175 100 NONE
11 225 1050 0 150 50 NONE
11 275 1125 90 150 50 NONE
11 325 1050 180 150 50 NONE
11 550 975 270 150 50 NONE
12 775 1050 0 150 50 NONE
12 825 1125 90 150 50 NONE
12 875 1050 180 150 50 NONE
12 1100 975 270 150 50 NONE
13 1150 150 0 500 200 Test latin
30
75 50 250 50
250 50 250 225
250 225 100 225
100 225 100 100
100 100 200 100
200 100 200 175
200 175 150 175
150 175 150 150
150 150 175 150
175 150 175 125
175 125 125 125
125 125 125 200
125 200 225 200
225 200 225 75
225 75 75 75
225 75 75 75
225 200 225 75
125 200 225 200
125 125 125 200
175 125 125 125
175 150 175 125
150 150 175 150
150 175 150 150
200 175 150 175
200 100 200 175
100 100 200 100
100 225 100 100
250 225 100 225
250 50 250 225
75 50 250 50
14
97 222
247 222
172 147
147 147
72 47
72 72
247 47
247 47
72 72
72 47
147 147
172 147
247 222
97 222
